run_dir: results_supervised_ls_optimizer_recovery/default_nofreeze_ls_adamw_seed42
run_name: default_nofreeze_ls_adamw_seed42
config_name: default_nofreeze_ls_adamw
checkpoint: results_supervised_ls_optimizer_recovery/default_nofreeze_ls_adamw_seed42/best_model.pth
backbone: efficientnet-b0
image_size: 512
optimizer: adamw
label_smoothing: 0.1
seed: 42
decision_threshold: 0.685
val_metrics:
  accuracy: 0.824468085106383
  precision: 0.8111111111111111
  recall: 0.8202247191011236
  f1: 0.8156424581005587
  auc: 0.8817954829190784
  pr_auc: 0.8809922254816929
  tn: 82.0
  fp: 17.0
  fn: 16.0
  tp: 73.0
  sensitivity: 0.8202247191011236
  specificity: 0.8282828282828283
  brier_score: 0.15269236149482462
  ece: 0.10425818003119622
  decision_threshold: 0.685
  auc_ci_low: 0.8324404176686716
  auc_ci_high: 0.9314455883922635
  pr_auc_ci_low: 0.8144813055960836
  pr_auc_ci_high: 0.9322558984132815
  sensitivity_ci_low: 0.7310611205432938
  sensitivity_ci_high: 0.9011257763975156
  specificity_ci_low: 0.7545990566037737
  specificity_ci_high: 0.8969592835572218
  split: val
test_metrics:
  accuracy: 0.7340720221606648
  precision: 0.6715328467153284
  recall: 0.6433566433566433
  f1: 0.6571428571428571
  auc: 0.7760313081413999
  pr_auc: 0.676418257054948
  tn: 173.0
  fp: 45.0
  fn: 51.0
  tp: 92.0
  sensitivity: 0.6433566433566433
  specificity: 0.7935779816513762
  brier_score: 0.2088179089928021
  ece: 0.1528092824913293
  decision_threshold: 0.685
  auc_ci_low: 0.7258855666057933
  auc_ci_high: 0.8214984714605826
  pr_auc_ci_low: 0.592237598788822
  pr_auc_ci_high: 0.7545714099062663
  sensitivity_ci_low: 0.5663195322376738
  sensitivity_ci_high: 0.7226654920714826
  specificity_ci_low: 0.7461764639231327
  specificity_ci_high: 0.8539462836123796
  split: test
grouped_metrics:
- accuracy: 0.7412935323383084
  precision: 0.6666666666666666
  recall: 0.7619047619047619
  f1: 0.7111111111111111
  auc: 0.7860704110704111
  pr_auc: 0.7117353494733165
  tn: 85.0
  fp: 32.0
  fn: 20.0
  tp: 64.0
  sensitivity: 0.7619047619047619
  specificity: 0.7264957264957265
  brier_score: 0.2256509614469107
  ece: 0.19625462416503855
  group_name: patient_id
  decision_threshold: 0.685
- accuracy: 0.7380952380952381
  precision: 0.6464646464646465
  recall: 0.7619047619047619
  f1: 0.6994535519125683
  auc: 0.7790532879818595
  pr_auc: 0.6803141415818121
  tn: 91.0
  fp: 35.0
  fn: 20.0
  tp: 64.0
  sensitivity: 0.7619047619047619
  specificity: 0.7222222222222222
  brier_score: 0.22973260232522724
  ece: 0.20063407443286407
  group_name: exam_id
  decision_threshold: 0.685
fixed_sensitivity:
- target_sensitivity: 0.85
  threshold: 0.47250000000000003
  test_specificity: 0.7339449541284404
  test_sensitivity: 0.7272727272727273
  test_auc: 0.7760313081413999
  test_pr_auc: 0.676418257054948
- target_sensitivity: 0.9
  threshold: 0.2175
  test_specificity: 0.5871559633027523
  test_sensitivity: 0.8251748251748252
  test_auc: 0.7760313081413999
  test_pr_auc: 0.676418257054948
- target_sensitivity: 0.95
  threshold: 0.1
  test_specificity: 0.43577981651376146
  test_sensitivity: 0.8741258741258742
  test_auc: 0.7760313081413999
  test_pr_auc: 0.676418257054948
