run_dir: results_supervised_ls_optimizer_recovery/default_nofreeze_ls_adam_seed43
run_name: default_nofreeze_ls_adam_seed43
config_name: default_nofreeze_ls_adam
checkpoint: results_supervised_ls_optimizer_recovery/default_nofreeze_ls_adam_seed43/best_model.pth
backbone: efficientnet-b0
image_size: 512
optimizer: adam
label_smoothing: 0.1
seed: 43
decision_threshold: 0.51
val_metrics:
  accuracy: 0.8103448275862069
  precision: 0.8589743589743589
  recall: 0.7528089887640449
  f1: 0.8023952095808383
  auc: 0.8779907468605419
  pr_auc: 0.8730901100553572
  tn: 74.0
  fp: 11.0
  fn: 22.0
  tp: 67.0
  sensitivity: 0.7528089887640449
  specificity: 0.8705882352941177
  brier_score: 0.14987956081945134
  ece: 0.10061509354875006
  decision_threshold: 0.51
  auc_ci_low: 0.826999785521121
  auc_ci_high: 0.918894361755497
  pr_auc_ci_low: 0.8018025027934803
  pr_auc_ci_high: 0.9301122618793545
  sensitivity_ci_low: 0.6698636968085107
  sensitivity_ci_high: 0.8392145593869732
  specificity_ci_low: 0.7901072124756335
  specificity_ci_high: 0.931069431500466
  split: val
test_metrics:
  accuracy: 0.6481994459833795
  precision: 0.551948051948052
  recall: 0.5944055944055944
  f1: 0.5723905723905723
  auc: 0.7200230961698852
  pr_auc: 0.6461723922186051
  tn: 149.0
  fp: 69.0
  fn: 58.0
  tp: 85.0
  sensitivity: 0.5944055944055944
  specificity: 0.6834862385321101
  brier_score: 0.21927938336273578
  ece: 0.10731113105083602
  decision_threshold: 0.51
  auc_ci_low: 0.6699176767627593
  auc_ci_high: 0.7682039210115302
  pr_auc_ci_low: 0.5638939797724428
  pr_auc_ci_high: 0.7313818110796516
  sensitivity_ci_low: 0.5296768587666151
  sensitivity_ci_high: 0.6691729226655697
  specificity_ci_low: 0.6214882469555367
  specificity_ci_high: 0.7453997055811572
  split: test
grouped_metrics:
- accuracy: 0.6368159203980099
  precision: 0.5514018691588785
  recall: 0.7023809523809523
  f1: 0.6178010471204188
  auc: 0.7366707366707367
  pr_auc: 0.6813722791491061
  tn: 69.0
  fp: 48.0
  fn: 25.0
  tp: 59.0
  sensitivity: 0.7023809523809523
  specificity: 0.5897435897435898
  brier_score: 0.22750168059012876
  ece: 0.14933873220944582
  group_name: patient_id
  decision_threshold: 0.51
- accuracy: 0.638095238095238
  precision: 0.5363636363636364
  recall: 0.7023809523809523
  f1: 0.6082474226804123
  auc: 0.7433862433862434
  pr_auc: 0.6751583681709706
  tn: 75.0
  fp: 51.0
  fn: 25.0
  tp: 59.0
  sensitivity: 0.7023809523809523
  specificity: 0.5952380952380952
  brier_score: 0.22571945472265348
  ece: 0.15884444806724785
  group_name: exam_id
  decision_threshold: 0.51
fixed_sensitivity:
- target_sensitivity: 0.85
  threshold: 0.375
  test_specificity: 0.48623853211009177
  test_sensitivity: 0.7832167832167832
  test_auc: 0.7200230961698852
  test_pr_auc: 0.6461723922186051
- target_sensitivity: 0.9
  threshold: 0.3625
  test_specificity: 0.46788990825688076
  test_sensitivity: 0.8041958041958042
  test_auc: 0.7200230961698852
  test_pr_auc: 0.6461723922186051
- target_sensitivity: 0.95
  threshold: 0.3075
  test_specificity: 0.3669724770642202
  test_sensitivity: 0.8881118881118881
  test_auc: 0.7200230961698852
  test_pr_auc: 0.6461723922186051
