run_dir: results_supervised_candidates/default_nofreeze_aug_safe_seed43
run_name: default_nofreeze_aug_safe_seed43
config_name: default_nofreeze_aug_safe
checkpoint: results_supervised_candidates/default_nofreeze_aug_safe_seed43/best_model.pth
backbone: efficientnet-b0
image_size: 512
optimizer: adam
label_smoothing: 0.0
seed: 43
decision_threshold: 0.44
val_metrics:
  accuracy: 0.7873563218390804
  precision: 0.8095238095238095
  recall: 0.7640449438202247
  f1: 0.7861271676300579
  auc: 0.8364838070059485
  pr_auc: 0.8154341971174346
  tn: 69.0
  fp: 16.0
  fn: 21.0
  tp: 68.0
  sensitivity: 0.7640449438202247
  specificity: 0.8117647058823529
  brier_score: 0.18026091273102052
  ece: 0.1427833371707984
  decision_threshold: 0.44
  auc_ci_low: 0.7786829227987515
  auc_ci_high: 0.8945949849977445
  pr_auc_ci_low: 0.7465925017957833
  pr_auc_ci_high: 0.8999074079032423
  sensitivity_ci_low: 0.6811278195488722
  sensitivity_ci_high: 0.8642420771286751
  specificity_ci_low: 0.7271631982475356
  specificity_ci_high: 0.8947368421052632
  split: val
test_metrics:
  accuracy: 0.6509695290858726
  precision: 0.5602836879432624
  recall: 0.5524475524475524
  f1: 0.5563380281690141
  auc: 0.7197023160325913
  pr_auc: 0.6254025088588356
  tn: 156.0
  fp: 62.0
  fn: 64.0
  tp: 79.0
  sensitivity: 0.5524475524475524
  specificity: 0.7155963302752294
  brier_score: 0.2501782605713046
  ece: 0.19463255583505998
  decision_threshold: 0.44
  auc_ci_low: 0.6751599562254047
  auc_ci_high: 0.771316318556408
  pr_auc_ci_low: 0.5513835147840198
  pr_auc_ci_high: 0.7077813644186524
  sensitivity_ci_low: 0.47962459837459837
  sensitivity_ci_high: 0.6357766405779651
  specificity_ci_low: 0.6527115331236122
  specificity_ci_high: 0.7803975249716123
  split: test
grouped_metrics:
- accuracy: 0.6218905472636815
  precision: 0.54
  recall: 0.6428571428571429
  f1: 0.5869565217391305
  auc: 0.7114367114367115
  pr_auc: 0.6524490471682732
  tn: 71.0
  fp: 46.0
  fn: 30.0
  tp: 54.0
  sensitivity: 0.6428571428571429
  specificity: 0.6068376068376068
  brier_score: 0.2650862550579063
  ece: 0.2137237515228694
  group_name: patient_id
  decision_threshold: 0.44
- accuracy: 0.6285714285714286
  precision: 0.5294117647058824
  recall: 0.6428571428571429
  f1: 0.5806451612903226
  auc: 0.7113567649281934
  pr_auc: 0.6247833953000306
  tn: 78.0
  fp: 48.0
  fn: 30.0
  tp: 54.0
  sensitivity: 0.6428571428571429
  specificity: 0.6190476190476191
  brier_score: 0.26441831249319714
  ece: 0.21435249067865136
  group_name: exam_id
  decision_threshold: 0.44
fixed_sensitivity:
- target_sensitivity: 0.85
  threshold: 0.1925
  test_specificity: 0.5688073394495413
  test_sensitivity: 0.7622377622377622
  test_auc: 0.7197023160325913
  test_pr_auc: 0.6254025088588356
- target_sensitivity: 0.9
  threshold: 0.1325
  test_specificity: 0.5321100917431193
  test_sensitivity: 0.8041958041958042
  test_auc: 0.7197023160325913
  test_pr_auc: 0.6254025088588356
- target_sensitivity: 0.95
  threshold: 0.0725
  test_specificity: 0.41743119266055045
  test_sensitivity: 0.8811188811188811
  test_auc: 0.7197023160325913
  test_pr_auc: 0.6254025088588356
