run_dir: results_supervised_final_head_to_head/default_nofreeze_ls_adamw_seed45
run_name: default_nofreeze_ls_adamw_seed45
config_name: default_nofreeze_ls_adamw
checkpoint: results_supervised_final_head_to_head/default_nofreeze_ls_adamw_seed45/best_model.pth
backbone: efficientnet-b0
image_size: 512
optimizer: adamw
label_smoothing: 0.1
seed: 45
decision_threshold: 0.21
val_metrics:
  accuracy: 0.8043478260869565
  precision: 0.7916666666666666
  recall: 0.8260869565217391
  f1: 0.8085106382978723
  auc: 0.8501890359168243
  pr_auc: 0.8264346518041531
  tn: 72.0
  fp: 20.0
  fn: 16.0
  tp: 76.0
  sensitivity: 0.8260869565217391
  specificity: 0.782608695652174
  brier_score: 0.16902624974492103
  ece: 0.1275704431641118
  decision_threshold: 0.21
  auc_ci_low: 0.7909752752159783
  auc_ci_high: 0.905887326183311
  pr_auc_ci_low: 0.7409446703075699
  pr_auc_ci_high: 0.9206961490233232
  sensitivity_ci_low: 0.7344844253490871
  sensitivity_ci_high: 0.8978115634365634
  specificity_ci_low: 0.6965604219215776
  specificity_ci_high: 0.8684276980329613
  split: val
test_metrics:
  accuracy: 0.6952908587257618
  precision: 0.583756345177665
  recall: 0.8041958041958042
  f1: 0.6764705882352942
  auc: 0.7900814781548726
  pr_auc: 0.7390137237797546
  tn: 136.0
  fp: 82.0
  fn: 28.0
  tp: 115.0
  sensitivity: 0.8041958041958042
  specificity: 0.6238532110091743
  brier_score: 0.21593319574337216
  ece: 0.1786818292167378
  decision_threshold: 0.21
  auc_ci_low: 0.7477309708267418
  auc_ci_high: 0.8328391166146624
  pr_auc_ci_low: 0.671228678147924
  pr_auc_ci_high: 0.8010114343445964
  sensitivity_ci_low: 0.7435714285714285
  sensitivity_ci_high: 0.8652482269503546
  specificity_ci_low: 0.5639724256785869
  specificity_ci_high: 0.6930232558139535
  split: test
grouped_metrics:
- accuracy: 0.6567164179104478
  precision: 0.5572519083969466
  recall: 0.8690476190476191
  f1: 0.6790697674418604
  auc: 0.792073667073667
  pr_auc: 0.7501399903471956
  tn: 59.0
  fp: 58.0
  fn: 11.0
  tp: 73.0
  sensitivity: 0.8690476190476191
  specificity: 0.5042735042735043
  brier_score: 0.24009923101936603
  ece: 0.20633708170397366
  group_name: patient_id
  decision_threshold: 0.21
- accuracy: 0.6571428571428571
  precision: 0.5447761194029851
  recall: 0.8690476190476191
  f1: 0.6697247706422018
  auc: 0.7982331821617537
  pr_auc: 0.7445303123404788
  tn: 65.0
  fp: 61.0
  fn: 11.0
  tp: 73.0
  sensitivity: 0.8690476190476191
  specificity: 0.5158730158730159
  brier_score: 0.23677299031538465
  ece: 0.20565995463125764
  group_name: exam_id
  decision_threshold: 0.21
fixed_sensitivity:
- target_sensitivity: 0.85
  threshold: 0.1475
  test_specificity: 0.5871559633027523
  test_sensitivity: 0.8321678321678322
  test_auc: 0.7900814781548726
  test_pr_auc: 0.7390137237797546
- target_sensitivity: 0.9
  threshold: 0.11
  test_specificity: 0.5642201834862385
  test_sensitivity: 0.8391608391608392
  test_auc: 0.7900814781548726
  test_pr_auc: 0.7390137237797546
- target_sensitivity: 0.95
  threshold: 0.045
  test_specificity: 0.2981651376146789
  test_sensitivity: 0.9230769230769231
  test_auc: 0.7900814781548726
  test_pr_auc: 0.7390137237797546
