run_dir: results_supervised_final_head_to_head/default_nofreeze_ls_adam_seed45
run_name: default_nofreeze_ls_adam_seed45
config_name: default_nofreeze_ls_adam
checkpoint: results_supervised_final_head_to_head/default_nofreeze_ls_adam_seed45/best_model.pth
backbone: efficientnet-b0
image_size: 512
optimizer: adam
label_smoothing: 0.1
seed: 45
decision_threshold: 0.45
val_metrics:
  accuracy: 0.75
  precision: 0.7346938775510204
  recall: 0.782608695652174
  f1: 0.7578947368421053
  auc: 0.822069943289225
  pr_auc: 0.8032194627909861
  tn: 66.0
  fp: 26.0
  fn: 20.0
  tp: 72.0
  sensitivity: 0.782608695652174
  specificity: 0.717391304347826
  brier_score: 0.1901476985980662
  ece: 0.11459452245870362
  decision_threshold: 0.45
  auc_ci_low: 0.7465033848707012
  auc_ci_high: 0.8786719233004946
  pr_auc_ci_low: 0.7011598108789275
  pr_auc_ci_high: 0.8812545164848629
  sensitivity_ci_low: 0.6988995295698925
  sensitivity_ci_high: 0.855857297883885
  specificity_ci_low: 0.6183675030599756
  specificity_ci_high: 0.8043540729635182
  split: val
test_metrics:
  accuracy: 0.6398891966759003
  precision: 0.5343915343915344
  recall: 0.7062937062937062
  f1: 0.608433734939759
  auc: 0.7024122666324502
  pr_auc: 0.585875681856094
  tn: 130.0
  fp: 88.0
  fn: 42.0
  tp: 101.0
  sensitivity: 0.7062937062937062
  specificity: 0.5963302752293578
  brier_score: 0.21712520130498014
  ece: 0.07297560217638095
  decision_threshold: 0.45
  auc_ci_low: 0.6576995517833302
  auc_ci_high: 0.7514950102798469
  pr_auc_ci_low: 0.5020343877099926
  pr_auc_ci_high: 0.6706055604141763
  sensitivity_ci_low: 0.6303790412486064
  sensitivity_ci_high: 0.7749635761589404
  specificity_ci_low: 0.5311974495515696
  specificity_ci_high: 0.6621713036841741
  split: test
grouped_metrics:
- accuracy: 0.6119402985074627
  precision: 0.5238095238095238
  recall: 0.7857142857142857
  f1: 0.6285714285714286
  auc: 0.7074175824175825
  pr_auc: 0.6066748081078077
  tn: 57.0
  fp: 60.0
  fn: 18.0
  tp: 66.0
  sensitivity: 0.7857142857142857
  specificity: 0.48717948717948717
  brier_score: 0.22319298789602976
  ece: 0.09294161185696351
  group_name: patient_id
  decision_threshold: 0.45
- accuracy: 0.6142857142857143
  precision: 0.5116279069767442
  recall: 0.7857142857142857
  f1: 0.6197183098591549
  auc: 0.7130102040816327
  pr_auc: 0.5984719830946179
  tn: 63.0
  fp: 63.0
  fn: 18.0
  tp: 66.0
  sensitivity: 0.7857142857142857
  specificity: 0.5
  brier_score: 0.22203848865053372
  ece: 0.10725465374333519
  group_name: exam_id
  decision_threshold: 0.45
fixed_sensitivity:
- target_sensitivity: 0.85
  threshold: 0.405
  test_specificity: 0.481651376146789
  test_sensitivity: 0.7832167832167832
  test_auc: 0.7024122666324502
  test_pr_auc: 0.585875681856094
- target_sensitivity: 0.9
  threshold: 0.3775
  test_specificity: 0.42660550458715596
  test_sensitivity: 0.8321678321678322
  test_auc: 0.7024122666324502
  test_pr_auc: 0.585875681856094
- target_sensitivity: 0.95
  threshold: 0.36
  test_specificity: 0.38073394495412843
  test_sensitivity: 0.8811188811188811
  test_auc: 0.7024122666324502
  test_pr_auc: 0.585875681856094
