run_dir: results_supervised_candidates/default_nofreeze_ls_seed43
run_name: default_nofreeze_ls_seed43
config_name: default_nofreeze_ls
checkpoint: results_supervised_candidates/default_nofreeze_ls_seed43/best_model.pth
backbone: efficientnet-b0
image_size: 512
optimizer: adam
label_smoothing: 0.1
seed: 43
decision_threshold: 0.51
val_metrics:
  accuracy: 0.8160919540229885
  precision: 0.8701298701298701
  recall: 0.7528089887640449
  f1: 0.8072289156626506
  auc: 0.8781229345670852
  pr_auc: 0.8747288993839941
  tn: 75.0
  fp: 10.0
  fn: 22.0
  tp: 67.0
  sensitivity: 0.7528089887640449
  specificity: 0.8823529411764706
  brier_score: 0.14983417952350947
  ece: 0.10586558693441853
  decision_threshold: 0.51
  auc_ci_low: 0.8263331644353832
  auc_ci_high: 0.9190468797132566
  pr_auc_ci_low: 0.8015090421700515
  pr_auc_ci_high: 0.9305816554053804
  sensitivity_ci_low: 0.6698636968085107
  sensitivity_ci_high: 0.8392145593869732
  specificity_ci_low: 0.8166916391968835
  specificity_ci_high: 0.9438510927274972
  split: val
test_metrics:
  accuracy: 0.6481994459833795
  precision: 0.551948051948052
  recall: 0.5944055944055944
  f1: 0.5723905723905723
  auc: 0.7200551741836145
  pr_auc: 0.6462518511961033
  tn: 149.0
  fp: 69.0
  fn: 58.0
  tp: 85.0
  sensitivity: 0.5944055944055944
  specificity: 0.6834862385321101
  brier_score: 0.21936305046096355
  ece: 0.10139963435334182
  decision_threshold: 0.51
  auc_ci_low: 0.6704465040544153
  auc_ci_high: 0.7679210658200694
  pr_auc_ci_low: 0.5644145890139768
  pr_auc_ci_high: 0.7321311494557488
  sensitivity_ci_low: 0.5296768587666151
  sensitivity_ci_high: 0.6691729226655697
  specificity_ci_low: 0.6214882469555367
  specificity_ci_high: 0.7453997055811572
  split: test
grouped_metrics:
- accuracy: 0.6368159203980099
  precision: 0.5514018691588785
  recall: 0.7023809523809523
  f1: 0.6178010471204188
  auc: 0.7362637362637363
  pr_auc: 0.6810091026796257
  tn: 69.0
  fp: 48.0
  fn: 25.0
  tp: 59.0
  sensitivity: 0.7023809523809523
  specificity: 0.5897435897435898
  brier_score: 0.2276721705451953
  ece: 0.1493983232411579
  group_name: patient_id
  decision_threshold: 0.51
- accuracy: 0.638095238095238
  precision: 0.5363636363636364
  recall: 0.7023809523809523
  f1: 0.6082474226804123
  auc: 0.7430083144368858
  pr_auc: 0.6748032739532239
  tn: 75.0
  fp: 51.0
  fn: 25.0
  tp: 59.0
  sensitivity: 0.7023809523809523
  specificity: 0.5952380952380952
  brier_score: 0.22591103520359143
  ece: 0.15891390936005684
  group_name: exam_id
  decision_threshold: 0.51
fixed_sensitivity:
- target_sensitivity: 0.85
  threshold: 0.375
  test_specificity: 0.4908256880733945
  test_sensitivity: 0.7832167832167832
  test_auc: 0.7200551741836145
  test_pr_auc: 0.6462518511961033
- target_sensitivity: 0.9
  threshold: 0.365
  test_specificity: 0.4724770642201835
  test_sensitivity: 0.7972027972027972
  test_auc: 0.7200551741836145
  test_pr_auc: 0.6462518511961033
- target_sensitivity: 0.95
  threshold: 0.305
  test_specificity: 0.3669724770642202
  test_sensitivity: 0.8881118881118881
  test_auc: 0.7200551741836145
  test_pr_auc: 0.6462518511961033
