run_dir: results_supervised_ls_optimizer_recovery/default_nofreeze_ls_adamw_seed44
run_name: default_nofreeze_ls_adamw_seed44
config_name: default_nofreeze_ls_adamw
checkpoint: results_supervised_ls_optimizer_recovery/default_nofreeze_ls_adamw_seed44/best_model.pth
backbone: efficientnet-b0
image_size: 512
optimizer: adamw
label_smoothing: 0.1
seed: 44
decision_threshold: 0.545
val_metrics:
  accuracy: 0.8128342245989305
  precision: 0.7692307692307693
  recall: 0.8791208791208791
  f1: 0.8205128205128205
  auc: 0.8572000915750916
  pr_auc: 0.8224659846425719
  tn: 72.0
  fp: 24.0
  fn: 11.0
  tp: 80.0
  sensitivity: 0.8791208791208791
  specificity: 0.75
  brier_score: 0.17274781787252963
  ece: 0.13482409995547273
  decision_threshold: 0.545
  auc_ci_low: 0.7961137820512821
  auc_ci_high: 0.9068619837150446
  pr_auc_ci_low: 0.7398429086804897
  pr_auc_ci_high: 0.900629350670527
  sensitivity_ci_low: 0.7977708927396359
  sensitivity_ci_high: 0.9457608695652174
  specificity_ci_low: 0.6592633928571429
  specificity_ci_high: 0.8316685945633314
  split: val
test_metrics:
  accuracy: 0.6897506925207756
  precision: 0.5865921787709497
  recall: 0.7342657342657343
  f1: 0.6521739130434783
  auc: 0.7671296593314941
  pr_auc: 0.652570415418634
  tn: 144.0
  fp: 74.0
  fn: 38.0
  tp: 105.0
  sensitivity: 0.7342657342657343
  specificity: 0.6605504587155964
  brier_score: 0.24842181407645433
  ece: 0.202144952795347
  decision_threshold: 0.545
  auc_ci_low: 0.713778239341409
  auc_ci_high: 0.8135986779229053
  pr_auc_ci_low: 0.5711949877228558
  pr_auc_ci_high: 0.742310114690771
  sensitivity_ci_low: 0.6597959183673469
  sensitivity_ci_high: 0.8029480666798186
  specificity_ci_low: 0.6019184564087476
  specificity_ci_high: 0.7250568181818182
  split: test
grouped_metrics:
- accuracy: 0.6666666666666666
  precision: 0.568
  recall: 0.8452380952380952
  f1: 0.6794258373205742
  auc: 0.7778795278795279
  pr_auc: 0.6666711363630942
  tn: 63.0
  fp: 54.0
  fn: 13.0
  tp: 71.0
  sensitivity: 0.8452380952380952
  specificity: 0.5384615384615384
  brier_score: 0.27893545435158035
  ece: 0.2604415607059477
  group_name: patient_id
  decision_threshold: 0.545
- accuracy: 0.6714285714285714
  precision: 0.5590551181102362
  recall: 0.8452380952380952
  f1: 0.6729857819905213
  auc: 0.7851473922902494
  pr_auc: 0.6613358225028344
  tn: 70.0
  fp: 56.0
  fn: 13.0
  tp: 71.0
  sensitivity: 0.8452380952380952
  specificity: 0.5555555555555556
  brier_score: 0.2758531601082625
  ece: 0.256843641577732
  group_name: exam_id
  decision_threshold: 0.545
fixed_sensitivity:
- target_sensitivity: 0.85
  threshold: 0.545
  test_specificity: 0.6605504587155964
  test_sensitivity: 0.7342657342657343
  test_auc: 0.7671296593314941
  test_pr_auc: 0.652570415418634
- target_sensitivity: 0.9
  threshold: 0.3275
  test_specificity: 0.591743119266055
  test_sensitivity: 0.7972027972027972
  test_auc: 0.7671296593314941
  test_pr_auc: 0.652570415418634
- target_sensitivity: 0.95
  threshold: 0.10250000000000001
  test_specificity: 0.3532110091743119
  test_sensitivity: 0.9230769230769231
  test_auc: 0.7671296593314941
  test_pr_auc: 0.652570415418634
